地点1估计结果：
c = 5.727122717821088e-05
a = 0.9990980154256992
b = 8.37120904253752e-05
地点2估计结果：
c = 1.6313982247555537e-05
a = 0.9991148590979285
b = 0.003946193913029111
